%YAML:1.0
CM1: !!opencv-matrix
   rows: 3
   cols: 3
   dt: d
   data: [ 8.7956706484934409e+002, 0., 3.2457698330711548e+002, 0.,
       8.2697348323768813e+002, 1.8126260330441266e+002, 0., 0., 1. ]
CM2: !!opencv-matrix
   rows: 3
   cols: 3
   dt: d
   data: [ 8.7956706484934409e+002, 0., 3.2710483357570922e+002, 0.,
       8.2697348323768813e+002, 1.8758208032823140e+002, 0., 0., 1. ]
D1: !!opencv-matrix
   rows: 1
   cols: 5
   dt: d
   data: [ 1.9021972928774188e-002, -2.7495128801205099e-001, 0., 0.,
       2.7039685784244594e-001 ]
D2: !!opencv-matrix
   rows: 1
   cols: 5
   dt: d
   data: [ -4.6106641254378258e-002, 3.1739211626948427e-001, 0., 0.,
       -4.2063459300425277e-001 ]
R: !!opencv-matrix
   rows: 3
   cols: 3
   dt: d
   data: [ 9.9940578223702559e-001, 3.3937532082016421e-002,
       -6.0271342594203680e-003, -3.4035549870244701e-002,
       9.9927633503436097e-001, -1.6981978251240492e-002,
       5.4464462017960553e-003, 1.7177024086774319e-002,
       9.9983762985161406e-001 ]
T: !!opencv-matrix
   rows: 3
   cols: 1
   dt: d
   data: [ -8.8740764062145683e+000, 2.7045626500924774e-001,
       6.0350469828751335e-002 ]
E: !!opencv-matrix
   rows: 3
   cols: 3
   dt: d
   data: [ 3.5270869228607293e-003, -5.5661162529593550e-002,
       2.7143722135145032e-001, 1.0864678824465057e-001,
       1.5447837018340135e-001, 8.8722717807274272e+000,
       3.1738514983606247e-002, -8.8768331661875202e+000,
       1.5232944875069429e-001 ]
F: !!opencv-matrix
   rows: 3
   cols: 3
   dt: d
   data: [ -3.1646803433696394e-007, 5.3118198100586098e-006,
       -2.2281723005631165e-002, -1.0368309533426342e-005,
       -1.5679641008904746e-005, -7.3851570829020408e-001,
       -4.5635075243039794e-004, 7.4630972802310169e-001, 1. ]
R1: !!opencv-matrix
   rows: 3
   cols: 3
   dt: d
   data: [ 9.9991865363907961e-001, 3.3640137278804863e-003,
       -1.2303231943234969e-002, -3.4702065427712845e-003,
       9.9995682436278222e-001, -8.6201552683500497e-003,
       1.2273702422696764e-002, 8.6621488060750571e-003,
       9.9988715533649131e-001 ]
R2: !!opencv-matrix
   rows: 3
   cols: 3
   dt: d
   data: [ 9.9951280376811891e-001, -3.0462268675833747e-002,
       -6.7974473675899245e-003, 3.0519877156174775e-002,
       9.9949768831897534e-001, 8.5386265521067723e-003,
       6.5339269942231246e-003, -8.7419238240595450e-003,
       9.9994044150933736e-001 ]
P1: !!opencv-matrix
   rows: 3
   cols: 4
   dt: d
   data: [ 8.1805292804428757e+002, 0., 3.3494786834716797e+002, 0., 0.,
       8.1805292804428757e+002, 1.8480320167541504e+002, 0., 0., 0., 1.,
       0. ]
P2: !!opencv-matrix
   rows: 3
   cols: 4
   dt: d
   data: [ 8.1805292804428757e+002, 0., 3.3494786834716797e+002,
       -7.2630026953378692e+003, 0., 8.1805292804428757e+002,
       1.8480320167541504e+002, 0., 0., 0., 1., 0. ]
Q: !!opencv-matrix
   rows: 4
   cols: 4
   dt: d
   data: [ 1., 0., 0., -3.3494786834716797e+002, 0., 1., 0.,
       -1.8480320167541504e+002, 0., 0., 0., 8.1805292804428757e+002, 0.,
       0., 1.1263288234346888e-001, 0. ]
